78 971
329 553
749 910
301 491
153 98
350 383
704 615
46 386
729 379
423 861
137 504
211 453
156 746
715 215
153 219
920 95
80 872
201 381
289 228
459 676
788 851
34 389
163 799
644 577
957 808
430 96
127 287
885 905
809 92
664 677
497 271
854 508
907 519
26 770
411 352
10 8
810 623
502 470
578 465
571 462
175 233
648 416
336 824
697 49
528 994
784 462
121 118
632 593
612 355
890 565
969 858
329 3
31 80
41 539
806 342
467 647
121 239
401 293
601 583
988 992
889 232
770 540
24 427
967 825
659 709
679 129
105 537
573 376
525 830
406 384
700 602
309 946
524 605
150 135
802 586
66 666
42 80
81 974
747 17
948 7
677 941
518 130
237 561
93 516
638 87
574 560
986 770
497 84
994 890
980 955
28 279
643 323
341 860
327 696
751 206
393 269
171 570
437 460
743 732
705 211
32 640
816 227
273 473
111 411
240 296
135 768
97 247
848 152
22 73
789 740
849 525
218 887
73 240
156 948
295 60
897 394
723 507
687 584
796 756
116 997
826 864
627 920
486 944
300 525
30 664
34 820
309 759
268 721
249 479
617 646
515 598
774 300
286 482
703 770
987 300
885 289
740 837
633 711
664 61
853 714
266 954
388 651
465 80
863 126
562 952
534 890
799 370
754 893
334 307
788 477
769 235
160 908
848 528
134 892
299 434
749 899
744 555
513 659
721 837
807 840
848 878
416 726
966 375
87 901
240 914
197 278
978 843
563 601
937 24
388 785
429 786
479 149
850 550
528 270
627 249
664 545
497 139
359 205
60 286
605 86
244 632
208 157
177 807
653 507
335 117
730 912
893 381
251 914
323 228
842 564
890 83
679 802
868 738
972 795
502 351
768 736
311 2
475 635
507 587
377 706
895 174
93 718
118 482
522 343
489 166
711 996
768 978
940 38
905 983
160 829
528 996
643 754
966 175
731 574
268 547
116 944
54 66
381 195
928 593
642 236
399 478
586 75
775 765
828 591
764 872
153 947
194 719
348 139
881 639
707 715
585 991
970 307
334 362
857 366
273 86
452 88
622 765
443 534
714 997
112 434
968 355
660 239
629 660
744 610
413 776
554 486
177 499
402 617
570 430
300 606
551 188
420 671
524 499
849 30
100 666
667 255
971 666
57 740
738 135
342 320
947 659
224 35
859 317
27 164
729 207
104 384
269 222
683 734
236 45
703 154
507 279
768 549
256 108
421 441
35 405
769 666
649 978
129 454
418 328
255 795
948 264
874 49
175 48
223 991
875 688
648 231
633 337
924 809
695 986
893 678
443 334
517 54
646 693
16 526
120 583
524 178
828 296
15 422
791 643
218 781
202 19
17 468
380 291
999 528
238 881
993 225
704 122
48 720
50 766
88 240
718 178
145 545
15 664
832 657
818 759
394 202
154 715
452 143
932 780
84 656
942 946
981 120
796 74
536 672
551 14
934 947
122 803
280 194
197 159
362 492
265 559
769 358
609 369
704 606
519 560
379 28
582 616
975 318
391 267
373 627
583 208
476 82
269 506
537 442
8 98
679 791
381 868
731 429
218 581
438 621
648 165
861 687
126 763
196 41
868 848
527 289
279 978
9 336
294 468
711 985
249 173
765 992
484 979
298 294
759 689
817 630
858 402
632 813
538 168
166 525
997 453
336 936
721 289
944 563
659 808
795 174
134 694
805 633
336 828
300 353
322 112
580 636
597 51
786 246
528 890
801 231
393 931
465 16
379 767
307 598
18 495
716 537
413 765
647 703
710 988
268 791
674 18
926 239
302 789
149 318
116 370
522 829
584 246
355 423
93 386
352 88
82 264
241 257
554 488
645 81
624 961
825 722
222 917
711 556
180 139
226 255
517 727
116 383
409 901
513 958
296 206
549 386
650 438
231 225
363 381
946 436
230 791
200 94
609 787
315 340
306 520
875 677
91 43
473 633
356 462
409 96
446 392
988 446
536 56
71 222
114 821
7 466
958 688
510 269
278 700
603 985
160 415
77 121
54 928
645 578
507 644
138 518
354 816
710 680
66 349
924 114
185 714
768 806
133 295
914 860
23 423
802 390
716 121
242 467
775 701
902 742
664 870
189 311
598 250
564 868
628 129
443 578
369 363
217 760
907 941
437 9
648 717
969 809
528 19
161 720
868 353
486 22
348 317
664 294
376 766
482 438
724 725
517 661
957 667
356 972
101 682
62 202
697 484
688 664
3 561
841 842
51 457
920 906
379 30
730 782
697 605
210 975
380 898
380 669
339 631
359 546
401 957
809 782
793 20
896 670
748 543
150 328
584 556
840 482
556 723
413 149
821 203
960 547
192 675
54 970
66 41
725 680
766 681
12 744
361 632
880 968
699 627
325 157
555 619
467 506
191 867
177 932
408 47
322 798
880 42
16 462
122 592
626 391
356 530
328 697
540 876
422 332
45 116
499 286
467 748
43 420
967 576
767 222
82 119
885 214
749 353
470 938
8 355
266 879
32 712
118 486
720 820
341 235
76 489
356 772
818 574
405 930
683 120
41 882
517 582
106 718
371 6
141 187
740 775
821 471
669 77
479 182
214 436
156 431
221 597
237 541
383 595
80 557
371 477
763 772
950 827
587 775
22 737
907 901
198 441
51 391
216 724
822 305
981 298
804 665
193 511
475 197
686 380
149 441
861 381
965 704
561 614
454 488
82 616
660 364
563 660
134 254
361 337
908 735
856 545
681 958
896 617
999 35
632 507
2 340
384 442
580 88
791 271
792 910
170 863
71 332
389 907
135 990
532 397
471 158
541 631
402 58
378 869
485 443
853 115
209 50
613 628
477 767
86 882
459 161
823 852
694 472
759 867
399 295
715 760
650 816
28 769
94 305
902 744
327 247
328 657
274 128
77 257
219 835
214 491
828 421
731 983
934 817
64 439
451 296
537 70
78 953
516 132
526 591
770 951
223 324
973 758
40 553
525 73
199 317
144 152
955 71
552 849
46 260
202 507
563 486
403 268
683 551
12 383
823 73
317 430
229 317
652 420
147 921
238 443
174 916
664 551
480 730
788 28
849 452
463 911
711 747
549 685
746 970
680 387
523 403
985 205
972 909
912 629
226 567
133 339
782 519
331 583
9 569
568 267
37 402
237 167
715 694
517 221
751 159
486 642
374 172
801 919
875 868
294 822
803 699
569 532
880 165
272 511
649 232
664 806
768 863
496 175
220 765
589 339
687 645
678 825
767 345
717 524
240 599
481 890
500 940
682 422
2 663
81 956
249 769
23 722
193 608
45 481
163 473
359 119
667 6
33 134
695 482
343 296
202 320
188 422
485 645
667 356
591 775
5 156
329 253
848 818
138 133
988 74
277 736
758 780
301 312
600 837
182 849
619 850
724 903
245 380
563 433
915 67
854 87
955 139
346 849
531 77
995 440
791 152
983 322
663 906
380 29
300 36
482 979
669 576
754 391
215 342
407 283
663 209
193 997
370 401
543 558
850 974
41 576
767 976
223 58
696 507
789 735
458 635
367 453
129 581
394 61
158 50
321 751
149 1
178 702
706 858
114 946
232 938
794 153
288 281
638 579
750 985
679 58
262 938
64 428
535 279
611 826
141 123
932 881
292 63
71 818
733 937
580 466
599 708
850 61
12 359
972 172
848 631
41 831
495 772
379 826
533 475
817 5
679 300
582 367
504 942
476 880
281 375
516 952
951 126
988 129
828 665
495 196
846 948
249 729
101 565
830 186
237 840
158 318
689 183
718 655
657 379
738 75
794 650
393 77
810 594
972 427
846 22
853 964
364 278
249 971
550 145
987 671
441 912
399 915
732 566
778 682
996 87
445 738
73 866
71 39
306 808
256 987
69 343
302 56
444 634
943 89
158 802
60 644
574 636
62 461
153 579
361 757
832 113
950 334
685 854
380 218
504 284
583 577
297 220
603 226
978 288
673 591
906 799
37 646
969 855
1000 168
642 460
40 126
436 126
771 116
399 473
416 642
994 390
352 886
16 937
34 991
84 354
78 768
694 771
787 181
434 817
197 86
138 940
730 586
34 65
215 894
619 489
118 961
103 838
593 702
328 138
443 879
696 830
649 718
754 17
599 897
46 425
170 720
937 892
417 368
585 181
215 907
873 584
644 495
930 71
128 615
375 492
760 828
264 395
138 27
776 772
984 721
13 261
300 25
940 651
237 908
908 847
992 23
116 618
224 151
74 392
326 320
133 154
451 500
413 208
308 680
265 44
651 790
204 973
419 403
978 101
317 621
78 110
605 270
718 147
48 581
551 909
187 403
646 917
575 219
673 525
361 933
459 44
290 6
798 907
578 409
354 930
946 576
814 622
855 394
571 635
34 696
805 573
890 388
12 119
435 710
262 1
122 664
147 428
432 826
826 753
569 831
778 416
814 635
617 764
235 662
488 879
835 169
172 84
903 303
361 20
434 764
360 549
134 997
670 482
334 533
241 305
535 294
344 726
283 716
811 606
148 33
356 965
421 128
868 359
12 603
806 878
694 142
43 855
970 720
409 949
433 488
765 961
80 858
518 303
73 855
563 490
698 126
610 13
295 904
629 26
513 80
377 219
49 619
752 776
488 437
240 335
905 725
36 47
459 904
373 864
605 204
560 956
1 992
343 958
155 678
910 22
614 963
232 632
797 266
434 214
683 918
226 450
900 623
544 695
556 971
614 158
130 45
789 913
765 290
285 67
679 223
235 246
171 756
685 977
174 7
246 112
671 813
330 520
385 944
586 180
715 590
714 631
547 225
271 290
445 177
675 639
50 587
36 423
209 351
553 124
459 462
821 814
494 190
550 765
782 68
2 896
326 993
611 78
436 720
940 519
725 365
7 314
370 137
243 850
210 673
223 612
825 946
452 206
952 758
704 656
178 317
559 948
428 199
508 902
814 945
753 669
453 148
907 89
681 12
875 551
52 972
866 438
77 921
194 45
121 964
937 89
69 279
676 957
908 31
174 975
494 687
507 626
376 143
135 983
564 379
662 685
223 49
338 790
154 215
623 922
12 805
535 846
287 744
861 979
983 447
662 806
873 23
715 403
89 880
54 105
818 272
699 809
877 852
906 506
433 811
218 886
689 737
769 208
542 983
880 224
121 172
208 814
34 698
87 295
711 122
807 584
880 574
381 597
601 866
513 524
991 297
34 1
952 571
920 767
87 766
266 14
688 646
808 189
81 89
614 818
262 366
385 436
82 664
981 467
692 364
26 503
424 549
823 66
759 539
946 365
48 972
147 914
865 184
586 732
80 860
68 742
940 708
86 567
879 203
89 801
160 223
679 788
310 396
427 981
7 624
135 809
721 381
113 498
388 208
153 570
722 727
419 689
380 209
471 98
998 258
566 106
120 514
629 391
207 173
740 636
902 671
322 96
998 150
304 227
207 294
858 749
149 289
985 561
849 700
35 712
26 892
282 818
582 292
94 245
186 477
924 177
414 48
71 877
699 180
816 765
831 107
146 4
633 765
41 890
619 601
806 693
677 579
322 351
263 939
395 829
224 947
21 130
637 362
224 718
513 821
32 144
486 314
560 300
544 26
765 897
187 957
229 136
437 314
492 775
54 778
601 947
399 961
834 889
295 732
642 22
19 568
96 34
182 37
558 324
282 389
361 453
801 954
268 225
657 680
734 671
324 507
274 915
21 735
103 279
199 741
786 43
410 695
74 746
849 513
274 807
414 787
139 582
371 861
627 787
838 970
566 282
748 30
655 216
600 280
1000 924
901 393
405 980
932 874
268 830
832 643
997 747
486 945
262 5
896 291
422 637
45 650
187 999
264 199
859 116
186 545
571 881
951 348
495 68
119 720
296 124
696 997
944 52
73 725
496 828
119 841
747 181
380 653
590 197
116 314
952 815
556 586
87 781
959 710
978 723
79 553
464 889
59 840
931 769
848 1000
53 500
447 656
223 911
326 366
402 913
873 764
937 25
861 444
196 27
151 513
728 265
809 900
191 33
335 226
356 514
268 401
799 37
384 734
174 924
492 267
86 811
208 508
810 842
540 981
786 219
135 932
391 629
322 795
347 34
966 42
230 388
20 578
768 966
237 283
751 504
140 350
10 240
326 742
940 147
331 820
694 643
439 804
993 158
81 830
483 581
111 709
405 927
928 931
269 63
353 471
298 535
946 985
907 764
631 866
734 284
95 68
81 133
702 517
531 864
603 474
379 766
409 874
185 82
874 829
170 713
687 185
147 500
807 775
569 85
153 372
914 470
387 724
753 781
285 447
472 539
959 886
600 724
199 380
149 788
875 663
312 28
789 367
104 493
481 214
133 147
606 596
675 201
767 958
809 137
348 745
893 545
152 281
854 324
248 743
108 211
880 202
208 563
493 961
777 491
989 81
789 730
302 346
300 273
981 900
737 45
325 451
394 56
743 735
975 38
44 697
751 330
484 215
525 512
394 995
524 287
4 517
831 969
688 395
765 349
684 626
129 818
770 814
703 760
603 300
508 706
29 708
332 480
48 721
467 116
49 128
560 465
697 699
22 789
66 832
363 301
449 75
170 660
970 484
574 255
950 771
218 327
165 437
940 699
669 384
523 266
744 908
55 282
5 461
579 733
637 674
854 379
468 838
371 905
784 320
629 382
253 805
206 693
799 978
235 347
293 59
873 82
715 462
484 41
379 513
828 339
903 927
204 926
551 741
545 401
51 832
467 747
486 760
52 239
957 345
439 685
433 870
868 44
477 122
817 981
512 345
462 524
434 691
33 347
556 388
527 653
453 704
351 693
604 873
459 226
154 758
742 928
420 648
690 243
442 932
156 309
202 425
432 887
526 522
810 52
751 869
140 715
2 781
277 720
211 366
352 76
651 409
563 525
722 289
701 122
964 761
769 522
517 715
874 952
201 186
114 675
544 259
394 729
31 677
873 700
570 662
15 854
677 7
632 264
277 36
56 562
649 847
376 954
825 26
199 503
340 213
367 87
770 211
260 634
818 144
59 92
60 694
559 149
459 965
858 445
732 40
489 319
830 383
255 906
489 90
855 147
497 439
367 329
484 96
954 799
874 281
464 383
193 297
13 861
493 37
672 268
527 587
346 512
604 807
1 477
211 58
274 114
205 280
490 412
425 926
497 802
576 866
300 638
66 471
217 869
456 131
893 923
170 528
440 123
211 300
684 749
381 482
764 220
611 944
884 285
796 172
565 10
14 136
712 703
858 3
832 768
708 180
713 295
85 726
52 549
277 667
665 254
169 316
673 78
605 883
689 59
112 950
574 486
679 539
849 196
665 375
730 770
673 199
672 765
358 80
877 645
421 365
131 37
75 896
216 791
600 902
328 443
513 196
413 29
421 378
384 725
871 843
416 155
384 617
649 97
714 492
827 140
725 92
964 374
680 615
480 32
46 972
665 980
835 903
384 738
365 459
640 398
34 625
180 679
120 399
271 43
367 505
581 205
591 398
121 220
575 390
346 338
24 287
829 980
579 51
745 986
399 349
259 46
71 749
85 418
57 585
134 805
362 403
95 59
760 449
697 285
650 173
858 876
861 127
597 54
362 416
105 760
180 116
779 704
768 57
352 78
689 932
224 832
119 550
683 363
727 406
930 994
446 127
759 358
575 537
392 830
120 896
486 199
839 997
689 6
928 251
487 545
392 951
927 292
113 75
522 243
589 4
207 905
626 71
199 263
302 913
699 549
74 497
850 718
799 672
84 138
479 438
916 375
727 890
470 739
537 500
121 33
558 559
693 195
194 282
474 565
988 786
532 277
817 904
555 675
412 855
935 896
319 398
38 385
271 98
541 861
168 121
7 927
420 342
924 104
21 44
421 917
439 971
216 175
92 634
577 117
119 471
609 106
715 990
519 297
565 938
587 697
583 992
569 828
402 651
457 358
599 936
714 923
396 119
49 240
893 107
320 474
70 299
322 520
602 574
561 536
981 112
134 176
210 723
755 523
361 138
635 643
418 120
291 15
819 171
163 769
182 782
765 837
718 762
445 603
911 110
916 188
852 698
455 15
312 195
330 249
376 890
609 603
259 719
70 554
336 673
718 775
88 608
413 139
206 563
839 247
785 950
563 837
595 789
934 255
739 16
647 198
95 853
711 856
926 781
263 437
566 209
232 858
772 314
790 102
583 792
435 399
32 689
710 375
156 984
599 507
134 673
516 509
235 230
381 55
386 399
759 910
430 442
760 88
641 625
880 153
556 29
981 730
901 441
15 348
268 528
180 681
615 343
769 29
807 284
292 104
889 94
154 399
472 974
525 571
516 751
45 348
619 583
218 10
784 687
314 243
796 926
730 572
45 469
972 334
383 464
815 121
957 699
382 10
299 241
951 167
579 295
837 819
399 822
237 531
314 485
850 236
371 467
51 260
684 698
749 827
582 421
461 131
336 365
728 889
560 524
68 550
532 950
626 60
927 991
760 814
194 137
429 714
685 640
971 768
206 147
696 11
393 239
252 263
482 725
851 299
952 876
331 263
486 551
752 707
334 719
678 492
874 138
34 427
254 430
278 787
506 910
821 140
950 25
957 967
911 299
949 554
337 441
37 674
584 843
743 836
996 262
5 870
546 965
252 518
11 163
370 739
76 292
566 156
660 20
637 36
317 620
944 718
687 688
268 704
821 624
449 752
578 637
999 630
443 449
732 286
35 883
496 460
331 881
403 232
89 72
85 596
864 334
324 60
642 635
418 927
741 119
606 160
470 299
51 315
918 920
546 294
835 168
562 238
689 50
121 532
193 785
595 536
218 320
212 17
905 469
206 202
710 1
963 181
486 485
810 582
120 135
226 302
314 903
759 536
17 838
55 275
951 827
5 454
575 18
240 442
961 764
232 968
650 727
218 804
326 603
702 365
262 618
208 503
598 163
138 673
950 322
922 260
710 606
868 963
2 519
172 930
670 160
152 463
513 442
399 340
762 917
127 406
206 699
677 550
828 453
967 797
796 915
937 625
629 509
133 342
494 55
917 158
349 869
719 402
429 340
575 165
225 52
101 245
271 168
997 797
386 643
102 884
623 61
562 51
685 158
60 69
392 579
598 418
342 169
96 702
742 813
120 995
194 944
170 358
82 245
338 171
601 810
224 823
898 279
341 590
157 15
748 456
358 944
991 591
972 349
397 872
402 721
696 939
291 890
10 611
170 600
405 588
806 703
964 57
709 999
346 947
454 480
323 963
161 901
235 850
753 547
523 435
473 614
206 499
677 121
543 306
704 897
635 16
263 494
777 715
350 907
551 897
327 923
578 505
526 86
908 151
572 202
796 849
345 913
862 156
877 959
522 502
134 851
901 269
670 336
549 46
237 454
975 154
388 623
239 5
276 567
813 277
513 510
641 695
589 505
341 403
464 739
712 575
777 970
552 357
240 765
730 629
394 414
688 632
292 403
591 699
465 65
763 927
955 868
861 415
314 542
18 894
90 16
927 109
206 83
285 376
525 65
513 765
566 776
951 587
804 833
315 376
163 773
328 315
856 471
192 427
569 148
932 200
233 199
921 536
986 702
626 130
669 500
273 500
859 597
876 12
506 967
789 767
994 4
187 204
388 194
219 385
549 785
868 13
778 793
110 105
569 390
558 726
423 43
692 847
910 23
535 82
888 614
464 323
562 858
235 234
553 809
114 173
440 868
16 806
919 85
354 47
906 789
423 406
202 178
978 399
83 752
336 932
917 389
444 879
645 869
662 55
533 170
119 530
876 509
788 625
917 510
416 753
388 691
654 810
406 479
421 50
459 342
775 53
296 55
517 697
980 458
775 174
442 230
805 53
416 995
225 417
951 292
725 703
348 716
642 934
34 297
667 469
443 761
173 900
960 233
743 464
249 895
51 385
659 241
480 764
210 903
120 84
474 316
625 714
312 254
331 267
993 652
220 665
523 208
159 426
114 912
659 483
567 665
73 93
47 629
418 313
255 780
525 375
953 556
956 827
579 86
80 927
486 797
508 327
50 388
468 901
416 445
383 268
952 196
398 576
406 400
183 99
362 330
548 520
840 894
427 459
582 104
697 91
715 633
267 214
74 48
529 628
417 158
331 643
275 977
757 980
495 980
806 384
481 587
336 169
126 359
399 410
220 933
316 641
734 336
400 985
950 634
177 418
903 293
768 105
122 896
221 875
312 993
563 346
229 995
141 128
237 590
681 981
929 817
984 753
73 832
940 454
563 467
550 942
868 699
85 24
890 983
802 870
535 526
557 19
815 543
715 312
546 540
718 997
647 70
60 273
168 974
240 325
941 372
550 487
716 964
391 615
281 743
295 89
806 76
21 789
310 626
315 741
543 376
226 669
5 929
714 608
986 249
569 863
350 38
95 980
711 983
604 857
98 231
700 565
423 516
772 441
114 175
969 726
399 573
196 510
200 400
122 709
689 793
397 621
705 508
626 629
555 160
767 339
656 737
697 509
256 537
962 928
835 106
50 819
664 224
315 70
289 835
650 60
796 114
873 563
331 14
465 243
676 692
569 71
679 468
632 127
907 66
399 828
507 361
570 417
459 815
316 12
569 192
613 235
223 723
312 243
675 66
471 7
858 187
916 128
442 474
366 893
367 71
107 898
198 787
239 559
381 908
29 197
626 187
58 898
507 495
938 947
957 960
652 590
143 218
851 655
722 770
278 793
670 85
908 142
618 834
864 72
147 165
176 903
264 750
759 958
716 322
50 269
265 157
159 670
371 849
458 966
629 326
596 378
424 860
675 442
586 104
516 799
28 981
928 743
623 107
127 694
38 393
524 286
832 402
927 676
674 984
94 409
833 748
298 818
628 464
447 160
994 558
819 971
215 2
371 515
574 349
738 982
699 236
845 61
467 115
627 104
904 870
995 5
342 120
243 77
473 539
789 287
818 988
486 249
361 483
492 939
476 177
134 184
581 873
614 821
120 20
469 137
240 314
286 955
399 78
849 543
626 242
442 421
614 942
80 971
441 196
840 696
46 606
976 247
535 999
68 745
819 650
67 786
772 309
777 424
193 107
421 725
338 727
756 486
434 435
795 148
781 250
244 45
345 622
680 841
931 194
494 156
584 86
525 674
475 853
822 143
736 628
262 974
193 349
628 277
545 508
327 56
753 164
372 738
981 28
482 344
881 615
619 349
352 988
943 675
777 908
104 105
455 628
675 631
205 453
375 339
246 225
641 983
277 706
896 455
568 626
284 867
432 765
278 298
635 801
781 855
528 180
739 629
832 820
937 873
73 539
367 757
637 352
664 455
308 527
629 878
744 599
688 704
268 81
906 109
355 760
896 818
403 656
952 871
231 320
313 884
528 543
662 772
894 112
585 296
480 768
213 653
850 715
877 818
944 579
123 615
673 264
43 97
459 12
493 828
510 243
856 651
295 843
960 708
509 543
927 302
416 86
421 430
94 35
852 882
398 446
475 895
791 377
813 136
116 733
181 862
86 36
267 902
22 51
505 959
401 313
398 567
2 338
410 806
301 82
261 683
600 149
531 315
993 80
654 385
422 493
481 807
517 501
16 744
558 798
365 632
103 632
249 686
138 626
119 347
305 968
314 293
778 168
170 514
34 919
422 506
485 791
505 396
744 641
210 707
320 350
273 238
218 73
263 984
43 715
371 288
868 340
819 155
215 943
163 753
401 810
509 343
475 466
731 163
131 841
566 998
468 463
184 704
965 515
812 236
955 56
211 541
339 726
859 469
211 662
574 485
348 896
598 24
285 732
208 485
664 536
854 367
872 650
889 65
159 485
954 948
506 34
129 727
24 970
349 501
35 799
809 193
514 16
125 729
708 555
744 212
666 558
957 212
962 556
896 202
698 483
579 266
694 741
625 907
950 209
320 42
600 96
383 327
479 35
365 458
912 856
860 666
122 700
68 171
730 556
463 212
394 341
597 966
171 40
34 974
156 405
309 684
54 394
909 679
683 107
879 921
20 931
714 975
37 992
301 513
193 485
806 685
42 289
28 125
249 996
454 233
569 183
142 641
819 331
119 657
490 829
66 767
792 642
520 937
575 644
46 529
751 52
315 424
122 29
635 816
258 829
637 825
324 365
788 994
535 585
20 368
705 996
75 829
603 948
914 352
778 720
215 85
944 231
950 948
479 774
124 317
485 296
561 25
620 605
596 19
831 825
499 86
743 712
994 294
35 625
304 261
450 315
452 913
441 266
83 558
671 957
237 207
66 325
818 603
974 621
71 561
379 677
2 461
733 680
263 502
910 84
636 976
116 977
657 806
433 95
994 428
346 392
593 269
290 460
546 157
375 275
493 267
715 868
525 973
379 811
556 444
519 525
799 579
939 101
735 42
346 755
285 479
579 468
990 39
632 294
482 535
81 191
820 759
648 9
97 135
391 124
715 184
40 540
329 414
558 237
659 289
81 312
56 484
88 473
96 68
357 597
475 589
800 120
372 353
317 417
573 77
542 535
674 654
536 195
870 485
345 600
224 310
671 541
616 605
136 382
143 506
994 120
416 143
484 957
78 269
126 983
425 498
561 93
361 742
873 890
119 162
628 268
564 549
715 681
49 857
508 617
95 973
164 578
117 503
29 619
870 740
694 743
564 670
429 216
632 804
776 31
68 173
782 748
386 748
320 394
504 740
856 145
25 742
47 235
181 235
425 861
274 170
248 935
110 705
289 936
295 458
811 523
679 340
243 941
413 864
811 644
126 541
759 225
511 877
51 367
271 407
598 536
747 336
95 181
507 354
763 51
551 168
859 284
847 395
250 176
205 699
688 816
760 921
175 2
483 118
397 869
196 61
60 200
789 346
343 525
962 8
287 364
586 889
149 659
787 421
872 465
5 385
519 606
687 419
654 242
998 52
829 768
726 532
504 190
270 23
390 842
921 478
255 654
594 83
351 362
232 899
818 242
386 319
704 894
597 768
758 312
367 198
247 547
396 81
883 199
791 610
890 360
336 969
456 805
453 736
497 550
144 920
183 94
950 495
193 287
835 959
121 155
458 972
907 798
788 325
927 898
297 502
686 277
759 267
869 664
7 928
212 808
917 331
325 456
988 211
795 570
683 514
339 475
774 403
636 173
113 923
842 278
988 103
93 419
263 867
901 629
772 744
973 734
59 808
414 218
517 639
963 396
679 637
696 52
114 370
149 593
173 950
61 480
520 994
960 283
175 996
598 833
585 342
752 519
977 866
746 704
479 360
877 635
127 137
550 240
799 944
343 701
796 417
424 774
633 130
257 782
12 722
84 73
865 638
460 589
380 71
834 12
885 997
453 320
208 489
307 202
854 600
978 141
9 545
754 662
716 141
977 182
974 436
67 900
984 77
818 310
802 302
941 609
352 739
589 423
813 87
697 141
427 280
927 603
314 339
121 210
978 504
912 150
961 308
300 562
258 565
390 455
914 906
518 906
215 868
182 691
687 863
112 632
855 676
786 576
152 933
692 160
214 535
599 871
772 799
59 634
994 848
429 581
840 152
625 227
969 37
63 460
458 235
771 695
442 227
300 817
556 514
666 120
143 79
712 990
404 645
367 992
269 420
816 64
838 577
790 829
845 472
478 944
674 361
926 582
614 990
999 13
697 880
653 544
822 996
765 196
235 152
37 433
592 426
499 198
399 260
893 768
170 144
208 436
629 429
207 440
754 838
513 254
80 106
695 150
472 78
111 624
710 660
173 455
603 268
514 196
615 507
788 435
280 150
777 956
37 917
832 397
904 502
275 974
861 280
703 633
752 266
535 497
721 916
664 153
495 869
911 784
233 869
405 158
121 399
47 184
156 585
118 64
285 241
600 747
504 810
459 515
240 885
441 875
945 637
867 983
994 795
75 525
340 5
591 819
799 704
76 80
110 896
306 542
612 60
469 11
47 547
513 54
468 577
743 516
729 352
376 988
775 468
549 650
120 15
345 362
763 121
578 75
753 830
101 904
539 349
687 247
119 958
923 460
205 180
711 954
741 604
388 193
731 532
199 671
592 602
12 27
611 736
814 543
712 495
574 36
92 787
40 102
697 372
201 959
430 553
812 618
113 846
589 546
273 983
791 680
23 808
788 382
349 978
760 549
943 670
123 113
725 218
783 159
573 578
628 285
810 262
913 912
402 696
291 865
588 334
675 976
191 634
595 229
714 860
671 224
896 571
423 876
255 511
67 231
722 162
593 920
207 884
687 289
414 396
969 389
308 643
762 584
660 573
546 700
238 355
71 178
980 928
793 284
550 68
665 543
678 482
158 712
130 879
768 641
974 480
506 900
940 869
90 433
768 762
336 610
660 936
385 731
631 649
791 372
818 246
116 728
331 616
885 7
988 657
129 667
674 726
751 421
663 308
140 267
938 247
287 731
488 721
689 482
744 152
963 950
641 670
591 324
314 275
200 439
63 141
255 82
752 134
633 671
10 399
560 314
954 204
708 737
441 622
940 77
367 444
55 586
572 324
93 60
440 104
901 499
446 858
711 109
673 985
2 817
268 936
693 442
362 342
585 91
807 692
196 804
543 94
317 276
620 987
905 338
101 772
579 811
348 649
388 987
42 579
828 993
71 233
706 515
78 946
172 544
239 719
953 476
254 246
942 354
565 367
592 241
36 23
10 788
297 64
555 588
706 757
507 547
73 26
987 891
541 545
525 537
153 665
501 365
105 365
624 435
663 363
225 137
328 787
666 782
614 134
476 429
773 127
167 317
84 319
120 730
199 794
422 314
799 35
499 497
175 558
985 548
688 675
738 792
531 728
352 985
33 222
24 631
979 329
7 169
394 349
517 685
988 270
217 918
234 333
401 510
29 867
32 118
866 280
531 741
365 937
836 522
421 51
549 465
204 696
498 648
566 819
46 295
250 290
749 940
116 475
663 873
286 886
564 113
371 701
517 1
375 820
375 591
658 879
193 25
353 14
303 422
616 882
74 599
349 538
817 643
349 309
894 109
379 417
628 892
323 27
278 779
223 843
465 605
429 130
663 68
141 666
48 438
600 951
496 305
399 143
794 938
539 648
35 620
766 839
272 304
585 535
380 251
421 548
985 361
677 245
84 374
879 837
571 492
667 954
739 305
235 277
21 25
518 831
807 439
581 133
154 554
980 138
756 659
580 662
648 796
205 492
14 924
642 264
862 496
201 787
908 383
258 503
767 380
371 151
950 730
86 396
77 347
302 694
924 219
459 385
81 173
243 760
931 380
614 673
664 265
545 573
495 981
190 116
849 984
556 439
654 745
464 621
324 52
637 283
585 93
777 34
806 735
295 519
885 735
554 635
361 469
606 273
465 297
376 979
973 969
371 635
669 477
540 592
684 48
936 40
674 528
142 933
203 125
361 711
80 957
694 133
470 654
759 528
982 802
679 993
159 240
12 944
967 413
222 259
917 821
603 890
119 23
421 590
674 541
536 311
443 120
627 466
370 544
712 244
171 829
312 310
19 960
468 5
769 936
650 719
827 352
782 609
804 139
716 255
619 93
354 24
689 539
231 856
719 381
742 550
948 655
225 260
813 201
559 550
509 958
946 730
591 502
467 961
673 800
354 37
41 974
421 966
768 27
907 859
266 45
660 201
156 173
133 684
881 843
116 222
305 912
855 561
225 394
944 81
764 379
705 738
815 344
997 92
947 271
564 210
390 582
333 48
515 991
959 510
628 639
39 244
806 911
154 985
820 580
423 880
629 985
453 5
7 184
571 226
380 695
540 647
958 406
139 74
503 994
952 857
743 454
265 829
447 577
317 467
913 232
921 581
434 5
119 896
172 493
801 930
703 129
658 881
295 829
702 170
256 83
481 430
448 24
549 601
918 175
759 825
790 138
688 127
657 548
940 873
539 529
403 897
527 438
914 591
215 445
544 849
940 297
959 310
840 66
811 331
959 431
609 318
531 664
398 808
468 315
318 785
459 266
479 100
878 334
743 146
904 737
174 403
1000 216
102 234
699 224
883 570
611 111
720 283
475 452
700 45
268 122
875 571
300 865
234 282
349 232
381 709
315 355
149 817
102 476
520 989
936 150
930 335
684 50
278 594
517 876
675 230
854 232
968 748
277 76
199 422
135 666
336 656
825 295
780 818
342 592
889 990
161 22
116 774
868 5
218 677
427 262
597 710
65 849
789 880
561 198
592 487
195 262
616 26
561 90
942 721
513 544
339 391
994 588
836 968
462 727
71 613
891 86
87 328
307 331
210 398
160 806
80 288
644 101
497 842
533 270
381 630
563 149
994 601
99 688
988 32
93 348
561 453
992 676
504 858
428 45
820 569
250 978
425 979
860 907
836 284
206 117
120 868
211 232
665 402
344 761
545 751
696 920
472 394
769 617
972 451
634 392
826 333
486 413
546 464
194 241
698 40
779 931
621 988
5 490
994 38
635 105
447 808
4 238
767 934
968 924
147 960
341 8
463 937
468 988
561 950
82 952
687 537
301 767
590 604
149 898
529 365
87 20
6 324
190 670
264 848
413 419
363 827
31 88
751 185
527 669
539 531
889 240
113 544
957 374
700 489
208 552
230 311
842 838
375 140
807 551
384 899
423 332
63 26
851 779
371 142
546 143
969 771
279 324
578 620
605 494
385 979
696 612
603 384
660 137
535 371
769 309
665 336
711 223
33 281
855 847
882 226
49 225
92 861
433 336
247 102
486 118
549 403
141 349
359 279
880 917
691 752
331 180
988 221
51 540
978 930
953 348
306 537
920 171
927 332
701 285
820 879
861 651
24 945
632 535
177 894
928 533
326 586
400 535
129 486
163 70
600 71
770 482
417 889
971 243
72 854
978 138
358 430
573 318
775 718
85 271
458 782
52 94
698 471
64 562
697 17
554 197
275 782
872 772
65 972
591 264
709 256
906 541
320 380
614 598
158 89
817 957
853 385
985 770
820 208
383 207
714 721
863 26
1 519
926 82
298 513
144 275
583 93
156 285
629 734
703 683
513 788
325 508
232 280
957 684
431 345
849 104
269 54
466 568
672 673
787 394
429 686
286 637
817 273
280 334
266 170
524 694
269 404
880 972
937 45
443 742
190 296
969 263
33 578
420 987
550 50
421 165
398 181
31 882
886 120
127 68
632 469
764 396
232 764
581 689
312 235
928 238
592 289
252 369
197 433
668 284
817 757
49 656
267 61
623 891
80 908
152 259
844 752
206 495
154 305
892 5
95 893
141 780
758 190
890 346
193 152
738 706
210 321
858 542
211 960
285 909
552 206
18 272
644 963
994 295
388 485
80 332
434 601
121 141
322 131
348 268
582 206
974 959
210 563
77 448
256 450
32 971
29 673
240 627
255 198
513 722
716 556
769 190
481 918
626 784
244 453
612 620
255 319
752 371
379 799
205 848
9 973
348 402
81 287
659 35
801 384
302 700
654 859
409 799
579 685
164 177
224 982
482 752
809 854
798 207
701 274
513 977
480 800
788 687
58 582
402 880
209 751
649 757
371 520
36 944
106 185
294 650
662 817
872 398
115 944
643 575
388 56
486 362
673 417
26 606
326 346
415 832
671 758
297 59
794 865
888 463
463 765
673 309
601 177
850 881
440 717
371 883
445 832
863 591
2 262
962 304
376 180
6 381
625 884
293 145
719 24
935 817
112 255
722 709
152 556
88 837
210 497
757 895
781 242
268 623
937 718
832 436
452 151
677 535
875 25
145 674
957 552
684 430
381 392
193 341
129 851
416 615
691 325
816 734
428 854
194 687
656 489
969 949
119 513
25 851
379 854
178 46
681 788
160 113
435 52
925 101
782 281
19 295
847 383
422 685
573 817
958 399
359 336
116 578
314 822
468 508
695 699
674 576
193 946
245 584
228 940
355 752
569 415
560 861
193 838
158 588
358 353
55 86
736 420
88 650
308 882
817 759
34 535
861 950
329 833
805 762
606 818
890 348
50 600
168 326
211 962
462 315
162 23
291 662
392 485
65 90
70 959
706 123
224 379
504 662
903 142
283 434
379 667
409 775
354 85
371 25
524 267
682 789
71 672
236 968
483 616
716 558
848 714
453 858
184 670
525 734
371 496
598 687
660 141
692 322
526 555
507 47
458 276
628 458
908 741
108 688
398 117
719 697
567 569
33 635
102 240
40 759
978 813
232 471
507 410
391 464
167 985
201 340
784 395
426 687
574 585
44 356
285 482
527 244
609 808
664 515
777 392
414 340
537 410
982 797
623 598
497 230
505 54
209 995
364 603
868 816
467 472
300 66
912 822
549 770
585 464
461 657
318 120
218 899
119 139
894 401
374 365
972 994
827 347
427 376
435 496
517 306
462 370
520 311
7 729
730 306
137 960
820 199
219 733
869 586
37 729
725 312
343 18
735 771
246 314
449 902
903 318
278 37
687 959
847 948
367 496
402 453
38 442
382 215
962 790
832 680
152 921
226 907
50 910
778 565
979 326
93 233
84 679
358 918
516 43
130 502
201 153
552 868
376 908
646 274
689 92
969 146
359 338
214 886
372 277
454 575
911 262
491 642
976 391
81 478
698 154
369 881
584 806
321 352
274 765
527 191
217 231
903 707
666 471
17 62
55 317
711 887
942 527
735 463
485 288
5 846
265 19
984 120
223 961
289 497
858 654
7 784
138 486
306 33
908 367
52 382
280 17
736 785
138 836
950 485
214 565
420 670
34 900
791 613
202 447
735 718
694 680
678 147
592 898
306 275
630 372
348 393
484 439
157 983
287 275
228 863
715 981
653 103
809 616
280 501
552 694
8 981
306 409
811 810
262 339
398 119
907 225
34 337
688 861
378 635
517 979
383 750
111 291
424 751
336 638
792 689
671 399
160 412
605 45
390 645
608 50
785 915
554 753
395 171
302 946
773 797
606 391
160 304
349 240
555 574
536 295
782 472
734 697
723 279
837 529
643 929
183 944
797 349
893 582
824 711
920 419
249 251
474 598
350 828
784 760
75 71
285 847
169 901
893 703
506 28
968 59
290 144
441 313
64 326
688 419
864 123
607 201
637 80
568 246
614 362
471 313
811 610
227 855
426 18
642 316
297 547
25 613
300 552
960 73
392 555
445 152
201 960
719 620
848 542
125 147
489 609
258 676
535 432
232 394
410 171
332 746
1 646
983 972
105 740
788 733
996 911
507 225
149 517
840 371
348 582
351 99
34 392
768 387
448 934
341 579
858 280
808 688
579 865
325 985
180 338
818 100
121 926
391 292
132 526
913 337
896 693
569 298
539 392
280 811
882 879
627 397
722 634
312 470
33 826
745 766
573 16
927 514
710 516
114 899
174 950
829 881
6 319
876 175
965 927
591 420
911 398
665 894
331 725
224 599
771 243
224 370
375 14
116 19
621 420
901 474
371 16
689 591
563 186
224 491
341 258
939 887
890 473
761 965
199 969
78 679
389 312
852 73
722 192
590 975
65 336
459 492
729 87
804 675
50 967
89 400
763 85
625 380
47 174
896 614
250 210
196 913
226 38
296 218
807 922
972 501
777 262
358 49
256 1
109 513
54 577
482 758
645 227
698 90
152 65
654 986
674 635
770 343
508 114
626 106
908 987
548 186
231 479
592 458
765 120
319 299
381 948
164 425
136 592
98 71
315 594
552 12
777 396
818 397
625 756
325 235
545 238
355 114
723 281
632 651
81 777
819 743
267 940
666 420
480 1
96 533
896 882
383 68
896 64
218 903
331 780
264 790
78 371
385 787
484 12
761 778
90 610
907 603
198 143
446 888
702 585
41 610
407 667
141 962
643 126
693 243
515 614
499 606
641 955
300 662
943 768
938 195
819 998
846 606
794 187
92 669
887 378
97 976
384 23
172 103
359 195
770 732
368 200
18 575
12 501
521 149
861 217
506 743
266 273
519 453
752 432
306 345
162 566
789 206
539 260
769 722
243 935
801 674
536 928
80 648
231 292
335 120
178 402
904 802
544 230
48 292
163 804
906 94
890 86
519 816
660 563
496 869
199 582
870 521
856 623
952 856
848 210
435 300
211 821
82 707
808 582
314 10
481 187
300 112
7 533
464 220
413 174
192 700
7 654
549 708
1 85
573 247
459 936
237 69
156 898
118 377
153 600
202 196
147 31
817 765
341 247
76 501
850 124
455 534
68 88
799 307
694 550
726 768
339 322
51 858
765 201
536 378
733 663
679 363
610 529
601 709
978 430
779 486
401 540
907 900
421 899
364 99
676 371
60 102
1 461
978 672
362 440
448 628
346 846
561 505
187 35
104 37
140 862
768 202
206 169
260 405
317 158
284 210
32 403
569 113
636 288
224 51
468 677
399 52
387 752
382 408
552 819
536 57
398 352
525 164
764 446
865 498
135 881
28 526
933 632
790 58
193 68
17 108
289 301
46 580
674 637
168 11
302 11
899 755
828 57
800 224
130 695
941 348
927 450
71 465
632 532
270 301
421 699
385 776
926 53
388 414
457 19
375 889
906 525
831 876
256 379
619 202
67 894
198 145
842 890
317 776
581 68
259 17
266 959
393 1000
948 993
460 946
675 605
836 149
120 733
479 262
911 710
511 739
767 665
170 446
120 854
764 138
517 904
223 457
29 857
436 686
128 570
334 675
296 154
788 616
256 984
850 676
662 625
249 981
665 401
147 704
632 224
232 519
791 217
116 573
606 437
446 219
324 229
176 745
513 101
415 761
993 738
910 969
492 981
244 879
619 2
748 678
665 872
885 912
549 697
567 751
780 751
698 160
175 119
827 45
807 295
179 763
500 818
495 474
346 351
599 531
977 110
502 490
87 248
485 294
366 306
526 66
644 21
346 364
111 955
551 998
856 62
71 546
241 957
896 363
56 911
193 391
224 495
215 675
27 853
540 206
875 196
556 416
714 773
111 968
147 625
568 655
432 794
26 106
664 134
636 35
828 730
673 856
207 797
86 507
843 486
452 335
211 394
848 722
163 619
443 902
677 840
837 38
607 515
930 202
631 320
199 397
875 680
5 531
724 218
510 969
799 806
169 639
458 513
152 995
887 811
49 466
328 524
441 172
952 913
561 991
206 534
26 603
139 480
634 688
78 241
215 475
24 944
526 108
113 464
388 174
590 766
855 54
323 193
438 934
262 708
513 290
875 117
356 491
381 255
572 237
346 419
406 433
392 306
36 607
908 307
30 792
439 997
604 835
965 60
631 938
827 584
156 379
606 881
463 307
661 551
912 133
917 248
672 417
880 595
33 201
263 663
440 30
428 730
678 87
586 269
71 843
211 328
648 854
764 248
499 731
34 143
336 215
143 49
855 780
640 626
665 390
35 223
978 621
403 390
697 608
223 459
222 988
371 559
202 750
546 331
463 562
122 232
908 912
796 213
890 77
167 685
671 447
965 665
637 799
441 924
828 101
994 844
308 516
390 814
255 626
683 807
86 588
380 806
595 694
978 166
565 293
74 470
738 221
192 462
806 96
348 938
981 622
579 53
111 473
501 399
348 830
194 363
739 163
240 479
246 1
74 712
720 823
300 237
479 882
37 537
133 474
45 361
380 122
504 417
889 228
135 25
598 429
298 433
848 577
509 882
22 269
214 439
767 359
424 141
214 331
709 539
103 729
667 249
223 272
569 91
328 968
226 957
358 847
55 809
237 557
830 24
940 421
441 737
530 257
455 83
364 224
33 390
248 278
621 789
15 750
687 96
141 566
977 838
912 214
559 850
650 443
86 401
908 967
451 499
993 553
258 858
201 95
435 225
632 510
475 563
908 859
837 161
479 453
890 24
845 510
720 515
833 392
117 222
310 122
537 515
363 628
957 872
5 654
333 456
654 282
48 243
524 172
642 164
721 349
726 693
742 637
217 523
315 829
519 70
1 144
770 591
332 365
492 354
924 11
829 942
629 359
190 955
628 134
729 711
597 3
865 986
958 948
428 719
697 355
100 136
770 604
230 367
37 955
529 663
427 615
619 556
47 101
468 360
454 196
139 858
21 314
632 202
609 484
655 371
292 319
209 779
605 779
470 325
660 422
789 78
284 845
770 967
46 155
495 210
557 859
844 135
818 900
475 268
639 376
445 510
641 156
632 336
697 731
471 913
438 736
542 564
239 526
91 813
908 806
765 986
713 796
689 210
520 926
454 572
911 30
463 806
796 686
56 647
629 51
499 170
693 975
589 100
544 357
120 524
576 575
20 586
960 686
261 648
729 753
10 19
872 694
762 822
619 248
832 248
257 17
637 9
104 943
809 466
286 196
533 302
225 186
473 22
92 596
183 189
171 71
448 379
921 828
767 361
297 597
433 192
459 366
137 315
475 81
401 546
103 852
904 837
279 785
95 210
540 560
778 388
743 138
381 688
926 488
499 909
196 90
552 691
428 103
605 150
187 162
35 522
687 448
628 807
372 329
872 386
531 93
174 758
535 737
34 455
908 982
249 114
586 931
432 235
265 58
509 684
206 646
574 813
271 812
114 828
326 455
486 821
154 119
668 569
81 772
683 877
392 176
906 626
83 818
850 172
604 705
372 813
537 880
666 765
143 724
311 308
27 549
388 528
302 259
396 123
134 648
736 945
970 129
788 354
314 205
88 128
455 595
900 945
172 206
287 193
402 439
322 187
470 85
202 499
606 885
907 22
864 591
189 681
170 439
89 450
319 912
934 956